0 0.01 50.5 1789.0 53 66
1 0.57 117.5 1748.0 177 160
0 0.18 117.5 1748.0 177 160
0 0.15 80.5 1762.5 87 63
0 0.04 81.5 1788.0 85 58
0 0.07 128.5 1820.5 69 65
1 0.8 1045.0 274.5 262 149
0 0.03 1045.0 274.5 262 149
0 0.02 992.5 15.0 107 26
0 0.03 1002.0 268.5 122 91
0 0.02 979.0 245.5 68 57
0 0.07 994.0 268.5 80 61
0 0.02 1055.5 2144.5 85 23
0 0.02 1082.0 275.0 130 116
0 0.03 1061.0 210.5 54 53
0 0.03 1087.0 2144.0 82 26
0 0.04 1092.0 295.5 84 57
0 0.28 1707.5 469.0 45 60
0 0.29 1759.5 46.5 93 89
0 0.02 1771.0 22.0 70 48
0 0.44 1771.0 333.5 66 73
0 0.15 1815.5 563.5 69 71
0 0.25 1877.5 359.0 55 78
1 0.98 1935.0 682.5 126 315
0 0.02 1908.0 615.5 58 65
0 0.22 1932.0 687.5 96 135
1 0.21 1932.0 687.5 96 135
0 0.03 1939.5 709.0 69 74
0 0.01 1967.5 139.5 83 99
0 0.17 1968.0 142.0 54 62
0 0.01 2002.5 73.5 51 65
0 0.01 2074.0 340.5 84 103
0 0.16 2073.0 344.5 60 61
0 0.08 2118.5 330.5 101 101
0 0.08 2117.0 329.5 68 65
0 0.12 2127.5 306.5 63 61
0 0.02 2360.5 114.5 85 109
0 0.13 2353.5 45.0 69 58
0 0.09 2361.0 115.0 54 66
0 0.24 2391.5 326.0 45 54
0 0.1 2415.0 144.0 90 106
0 0.05 2398.0 311.5 46 53
0 0.02 2418.5 164.5 59 67
0 0.08 2431.5 147.0 53 66
0 0.03 2459.5 293.0 55 56
0 0.32 2468.5 274.0 59 72
1 0.04 2536.5 1227.0 95 178
0 0.05 2550.5 1231.0 101 188
1 0.96 2565.0 1238.0 126 254
0 0.01 2531.5 1225.5 51 79
0 0.06 2550.5 1229.0 53 70
0 0.07 2560.0 1256.0 64 84
0 0.03 2614.5 522.5 91 123
0 0.29 2621.5 561.0 93 112
0 0.38 2607.5 495.0 63 66
0 0.01 2613.0 520.5 58 67
0 0.41 2705.0 1091.5 114 113
0 0.39 2703.5 750.0 103 100
0 0.2 2720.0 274.5 90 107
0 0.01 2706.0 275.0 56 70
0 0.16 2715.0 746.0 64 68
0 0.69 2741.5 649.5 65 73
0 0.42 2778.5 137.0 59 74
0 0.01 2804.5 173.0 57 64
0 0.03 2849.5 197.0 93 98
1 0.03 2872.0 1284.5 110 161
0 0.22 2847.0 195.5 60 65
1 1.0 2904.0 1252.0 148 314
0 0.38 2897.0 1259.5 94 115
0 0.02 2916.5 244.5 91 105
0 0.03 2916.0 244.5 64 65
