1 0.17 1536.0 626.0 68 84
1 0.8 1551.0 905.0 72 98
0 0.17 1553.5 915.5 63 83
0 0.01 1705.5 1365.5 43 39
0 0.03 1757.0 620.0 82 68
1 0.04 1756.5 609.0 75 78
1 0.99 1835.0 1204.0 208 362
1 0.79 1906.0 707.5 96 203
1 0.03 1909.0 754.0 86 86
1 0.02 2052.5 649.5 129 61
0 0.06 2053.0 649.0 90 66
1 0.76 2085.0 709.0 120 68
0 0.01 2085.0 709.0 120 68
0 0.03 2092.5 708.0 61 46
1 0.02 2092.5 708.0 61 46
0 0.06 2390.5 749.5 73 67
1 0.02 2471.5 669.0 79 82
0 0.01 2472.0 687.5 52 35
0 0.01 2515.0 696.0 110 142
1 0.12 2505.0 668.5 74 87
0 0.02 2505.0 689.0 50 40
1 0.02 2505.0 689.0 50 40
1 0.02 2532.5 668.5 59 91