1 0.9873669147491455 2803.344482421875 1098.2125244140625 2991.487548828125 1376.3743896484375
1 0.9772114753723145 0.0 1679.4053955078125 213.3805694580078 1827.4248046875
1 0.9636912941932678 905.02490234375 200.86875915527344 1167.7490234375 349.5993347167969
1 0.9594622254371643 2475.79443359375 1125.0780029296875 2616.19384765625 1342.5765380859375
1 0.9263035655021667 1889.169921875 550.458984375 1994.7174072265625 800.1636352539062
0 0.8879323601722717 1715.2325439453125 1.9379498958587646 1811.0076904296875 90.42867279052734
0 0.8590924143791199 2873.45361328125 204.77198791503906 2962.426025390625 285.6741638183594
0 0.8448933959007263 1966.2393798828125 15.36474609375 2059.022216796875 105.2735824584961
0 0.8336302638053894 2646.655029296875 1029.2520751953125 2764.2763671875 1141.5224609375
0 0.8163663744926453 2708.639404296875 611.6646118164062 2778.94677734375 689.6304931640625
0 0.7928970456123352 2753.07958984375 91.05744934082031 2831.58251953125 160.33282470703125
0 0.791411280632019 2574.734130859375 522.5020751953125 2669.697265625 627.3408813476562
0 0.7889116406440735 2663.593017578125 701.4695434570312 2757.594482421875 790.2418823242188
0 0.7850457429885864 2862.858154296875 1218.7447509765625 2946.357177734375 1302.7537841796875
0 0.7749794721603394 2686.540283203125 227.3009796142578 2763.866943359375 306.83306884765625
0 0.7719218134880066 2309.83544921875 12.840441703796387 2398.638671875 88.35942077636719
0 0.7688482403755188 2389.3916015625 112.841064453125 2464.666259765625 193.6184844970703
0 0.7632935047149658 2042.1297607421875 312.9632263183594 2107.56591796875 380.66717529296875
0 0.7593082785606384 1933.6990966796875 106.60350036621094 2009.7501220703125 175.8416290283203
0 0.7563361525535583 1675.322021484375 432.8524169921875 1745.659423828125 503.1661682128906
0 0.7296884655952454 2781.650634765625 150.3883056640625 2901.6513671875 232.3795623779297
0 0.7284328937530518 1775.6754150390625 528.0087280273438 1848.050048828125 608.2096557617188
0 0.7275590896606445 1069.0792236328125 258.70855712890625 1141.394775390625 336.423583984375
0 0.7147359251976013 2440.277587890625 237.69569396972656 2505.64306640625 302.4737854003906
0 0.7070007920265198 2222.331298828125 493.2177734375 2297.482177734375 564.5032348632812
0 0.7058306932449341 1026.5994873046875 177.19064331054688 1101.1583251953125 247.11647033691406
0 0.7053598761558533 1738.280029296875 296.837646484375 1814.1707763671875 359.19268798828125
0 0.6764266490936279 2319.826904296875 80.0028076171875 2403.96142578125 151.87945556640625
0 0.6501214504241943 2572.8642578125 463.997314453125 2648.339111328125 540.8864135742188
0 0.6437088847160339 2102.345947265625 286.4450988769531 2174.5478515625 351.7515563964844
0 0.6284616589546204 1892.7611083984375 567.28369140625 1973.32421875 649.3862915039062
0 0.6276638507843018 926.172119140625 215.9580841064453 1017.7063598632812 289.5554504394531
0 0.6035016775131226 2372.052978515625 292.08935546875 2424.6884765625 350.2401123046875
0 0.5894125699996948 1845.3338623046875 322.81390380859375 1911.26123046875 387.8899841308594
0 0.559823215007782 2530.017822265625 1208.1954345703125 2605.436279296875 1281.68115234375
0 0.48041367530822754 1901.4278564453125 655.2102661132812 1977.30322265625 718.3990478515625
0 0.37970277667045593 2566.109619140625 479.1079406738281 2659.44921875 603.1875610351562
0 0.37766826152801514 1891.9185791015625 560.47021484375 1981.6517333984375 749.0609130859375
0 0.3735126256942749 1899.8629150390625 588.4955444335938 1968.450927734375 705.8959350585938
0 0.323251873254776 973.1136474609375 224.46493530273438 1045.966796875 303.3941345214844
0 0.3193032145500183 939.3033447265625 218.67984008789062 1062.5087890625 313.845703125
0 0.3079465329647064 2096.286865234375 279.4503173828125 2155.006591796875 331.8836669921875
0 0.28967928886413574 1014.0362548828125 249.90847778320312 1150.05517578125 339.2671813964844
0 0.28416064381599426 33.326229095458984 1692.9210205078125 177.58645629882812 1805.7078857421875
0 0.2831198275089264 30.318017959594727 1736.8037109375 102.31782531738281 1809.7744140625
0 0.28280529379844666 2504.77294921875 1163.3353271484375 2613.819091796875 1308.7576904296875
0 0.2711426019668579 3.8234729766845703 1676.4644775390625 218.99171447753906 1828.1029052734375
0 0.2695414423942566 101.20948028564453 1786.13232421875 163.93167114257812 1854.587890625
0 0.2673990726470947 2555.862060546875 1217.41796875 2619.565673828125 1288.6221923828125
1 0.2400970309972763 2509.328857421875 1171.7425537109375 2617.284423828125 1314.7357177734375
0 0.23978006839752197 1730.9515380859375 316.2215270996094 1813.14697265625 387.9075012207031
0 0.23063108325004578 2878.98779296875 1238.0404052734375 2958.609619140625 1314.59521484375
0 0.22571155428886414 56.80495834350586 1704.91064453125 140.92454528808594 1792.7784423828125
0 0.21705599129199982 2298.16650390625 0.19872620701789856 2435.314453125 100.20476531982422
0 0.20887289941310883 1919.079833984375 626.7614135742188 1988.0838623046875 745.0713500976562
0 0.20797938108444214 998.354736328125 227.03338623046875 1070.7957763671875 316.21099853515625
0 0.0908188670873642 902.906982421875 203.5980224609375 1167.4339599609375 351.60333251953125
0 0.08604294806718826 2559.66943359375 488.6144714355469 2699.673095703125 654.5960083007812
0 0.0769948810338974 2639.095947265625 1065.1065673828125 2771.607666015625 1186.9154052734375
0 0.07568936049938202 2578.4130859375 1027.1439208984375 2752.004150390625 1156.4388427734375
0 0.07204844057559967 2801.3193359375 1092.5167236328125 2997.34423828125 1377.523193359375
0 0.06966665387153625 2664.710693359375 1030.492431640625 2804.74609375 1174.12060546875
0 0.06869248300790787 2745.26220703125 128.3560333251953 2930.466796875 256.7319641113281
0 0.06423170864582062 2469.761474609375 1123.22802734375 2619.74267578125 1350.8924560546875
0 0.05997568368911743 2649.8017578125 680.32177734375 2781.7236328125 839.6056518554688
1 0.0589975044131279 2821.685302734375 1065.5423583984375 2991.28466796875 1252.0396728515625
