0 0.9234473705291748 3456.409423828125 514.0535278320312 3552.446533203125 603.5821533203125
0 0.9212700724601746 833.844970703125 121.5446548461914 926.2683715820312 209.34837341308594
0 0.8850456476211548 488.25885009765625 1395.2283935546875 584.0072631835938 1486.967041015625
0 0.8756831288337708 179.9578399658203 681.4862670898438 272.9067077636719 775.0987548828125
0 0.8726800084114075 598.7626953125 1309.797607421875 707.5573120117188 1436.0091552734375
0 0.8450393080711365 460.50250244140625 1304.4825439453125 554.20849609375 1393.8294677734375
0 0.6026754975318909 1901.524658203125 1591.475341796875 1950.2855224609375 1645.0042724609375
0 0.5693069696426392 3431.27783203125 1528.255126953125 3479.48681640625 1582.249755859375
0 0.4885497987270355 714.8771362304688 2015.3170166015625 767.9163818359375 2070.37060546875
0 0.2509205937385559 213.36929321289062 213.65365600585938 281.51971435546875 276.0098571777344
0 0.20677213370800018 763.7637329101562 83.41285705566406 817.89208984375 132.0731658935547
0 0.16447022557258606 894.646484375 24.20833396911621 984.63330078125 101.05829620361328
0 0.15910537540912628 382.7210388183594 70.98823547363281 456.490966796875 129.9169464111328
0 0.1418129801750183 474.7893371582031 1323.3525390625 572.5909423828125 1431.34814453125
0 0.13550275564193726 472.2733154296875 72.16091918945312 539.3375244140625 127.74407196044922
0 0.12177374958992004 2180.109375 0.26461532711982727 2256.68408203125 31.680078506469727
0 0.10209465026855469 465.8989562988281 1353.7413330078125 566.1690673828125 1466.613037109375
0 0.09996084123849869 2132.89697265625 0.6442163586616516 2212.114501953125 33.05735397338867
0 0.0962386205792427 2172.577880859375 2.548830986022949 2224.60205078125 34.85682678222656
0 0.0835774838924408 864.2830200195312 14.315669059753418 1002.3065185546875 116.86046600341797
0 0.08059068024158478 828.9751586914062 115.09275817871094 963.956298828125 237.1604461669922
0 0.07767044007778168 751.3034057617188 70.93567657470703 848.6827392578125 154.33834838867188
1 0.07617313414812088 3430.751220703125 1530.5374755859375 3479.6728515625 1584.21826171875
1 0.07322718948125839 716.1664428710938 2015.0279541015625 767.790771484375 2068.351318359375
0 0.07208087295293808 784.8283081054688 86.24271392822266 859.8870239257812 143.6985321044922
0 0.06863085180521011 3466.434326171875 480.96942138671875 3540.544677734375 581.7584228515625
1 0.06816386431455612 1901.524658203125 1591.475341796875 1950.2855224609375 1645.0042724609375
0 0.06758296489715576 413.7088928222656 68.67369079589844 491.50811767578125 127.83195495605469
1 0.06728637218475342 599.1907958984375 1299.30126953125 703.1326904296875 1427.6484375
0 0.06684578210115433 696.025146484375 2008.22119140625 753.0391235351562 2059.1875
0 0.06639564782381058 1894.4576416015625 1583.9705810546875 1940.078369140625 1632.85107421875
0 0.0659429207444191 771.6935424804688 96.35181427001953 829.6497802734375 160.1075897216797
0 0.06517598778009415 3416.70849609375 1526.412353515625 3462.72412109375 1577.0040283203125
0 0.06225627660751343 757.9803466796875 92.66438293457031 813.6494140625 151.62078857421875
0 0.061910711228847504 712.6319580078125 2001.201416015625 762.3521728515625 2053.413818359375
0 0.06091536954045296 474.8294982910156 1303.954833984375 603.9025268554688 1483.0670166015625
0 0.06065984442830086 2209.490234375 0.40525543689727783 2290.071533203125 32.39426803588867
0 0.05919107049703598 423.15667724609375 1288.7840576171875 553.0949096679688 1419.5284423828125
0 0.058572106063365936 786.8873291015625 65.79835510253906 859.4649658203125 125.16152954101562
0 0.057270463556051254 1902.127685546875 1609.0439453125 1955.357666015625 1658.693359375
0 0.05661889910697937 897.8964233398438 220.0159454345703 955.2005004882812 270.0823974609375
0 0.05609660968184471 570.7420043945312 1315.0660400390625 681.3364868164062 1408.7957763671875
0 0.055484168231487274 187.89999389648438 196.52415466308594 295.842041015625 273.0928039550781
0 0.055341705679893494 1374.6212158203125 277.98736572265625 1426.2603759765625 324.34228515625
0 0.05448674410581589 886.197998046875 46.09453582763672 969.1270141601562 121.1536865234375
0 0.053940482437610626 3438.36865234375 1544.34716796875 3485.0263671875 1591.9420166015625
0 0.053572654724121094 868.1460571289062 128.1507110595703 950.5785522460938 226.98292541503906
0 0.053177908062934875 0.7763534188270569 305.1884765625 42.59716033935547 373.4251403808594
1 0.05288935452699661 3458.884033203125 513.2360229492188 3549.2890625 607.9613037109375
0 0.052613891661167145 3419.930419921875 492.17706298828125 3591.775634765625 614.12353515625
0 0.052485961467027664 760.5307006835938 52.528812408447266 819.577880859375 107.57428741455078
0 0.05208883062005043 487.71881103515625 1304.3311767578125 637.5427856445312 1415.839111328125
0 0.05109789967536926 469.36712646484375 1270.143798828125 549.1605834960938 1362.299072265625
0 0.05104715749621391 1909.907958984375 1579.1224365234375 1963.5526123046875 1637.1900634765625
0 0.05086924135684967 183.54623413085938 668.1567993164062 313.87225341796875 795.3294067382812
0 0.05083825811743736 202.95941162109375 696.4222412109375 299.2489013671875 772.9522705078125
0 0.050152815878391266 817.10693359375 126.95556640625 901.8910522460938 194.55296325683594
