0 0.81331467628479 1887.0078125 968.3236694335938 1951.6861572265625 1027.5943603515625
0 0.8034318089485168 1892.49072265625 523.1986083984375 1943.282470703125 580.593017578125
0 0.8016833662986755 1246.3204345703125 302.3840026855469 1304.5404052734375 363.9117736816406
0 0.7650707960128784 1081.4722900390625 1205.2838134765625 1126.97509765625 1260.3397216796875
0 0.6516157388687134 1251.489013671875 985.5044555664062 1294.1444091796875 1037.4527587890625
0 0.6372184157371521 1224.819580078125 732.3081665039062 1275.2537841796875 776.7791137695312
0 0.6132956743240356 1212.2232666015625 1120.36181640625 1258.4376220703125 1171.730224609375
0 0.5750076770782471 2250.297607421875 456.8771667480469 2293.288818359375 499.7043151855469
0 0.22524866461753845 2116.408447265625 296.54888916015625 2154.890869140625 358.6059265136719
0 0.1874549835920334 1207.6505126953125 721.71826171875 1271.33740234375 770.5540161132812
0 0.14256927371025085 1878.2127685546875 512.8873291015625 1956.655029296875 587.2357788085938
0 0.10286300629377365 728.641357421875 343.98126220703125 773.949951171875 395.73956298828125
0 0.09124299883842468 1243.5087890625 971.460205078125 1290.305419921875 1020.6166381835938
0 0.0879005417227745 2108.675048828125 267.4212341308594 2158.943603515625 355.3624267578125
0 0.08740592002868652 1197.8948974609375 721.1708374023438 1246.7349853515625 764.567626953125
1 0.08253155648708344 1082.0460205078125 1204.4979248046875 1126.1943359375 1262.63818359375
1 0.0818549171090126 1224.819580078125 732.3081665039062 1275.2537841796875 776.7791137695312
0 0.08026966452598572 1190.4615478515625 708.81298828125 1278.894287109375 781.023193359375
1 0.07654505223035812 2250.297607421875 456.8771667480469 2293.288818359375 499.7043151855469
1 0.07041725516319275 1212.2232666015625 1120.36181640625 1258.4376220703125 1171.730224609375
0 0.07025235146284103 1228.9794921875 283.2328796386719 1302.30029296875 375.8558654785156
0 0.06998633593320847 1870.9749755859375 945.8468017578125 1962.836669921875 1024.4852294921875
1 0.06967373192310333 1894.373291015625 523.6243896484375 1942.652099609375 583.29638671875
0 0.06801393628120422 1252.267822265625 318.49639892578125 1299.2169189453125 379.1691589355469
0 0.06652049720287323 1208.1260986328125 735.7833862304688 1283.3673095703125 788.54541015625
0 0.0641561821103096 797.2622680664062 1.1482616662979126 861.9385375976562 34.717002868652344
1 0.06169367954134941 1885.0965576171875 968.7674560546875 1953.6356201171875 1026.4520263671875
0 0.059543441981077194 1241.6201171875 723.3056030273438 1283.905517578125 767.28173828125
0 0.058854419738054276 1236.0660400390625 741.840576171875 1277.798095703125 791.7903442382812
0 0.05711054056882858 2126.007568359375 278.3885192871094 2165.1884765625 346.3259582519531
0 0.05677752569317818 1193.5999755859375 1117.093994140625 1240.4761962890625 1158.5633544921875
0 0.05656798183917999 2105.57373046875 190.4857177734375 2153.370849609375 242.6978759765625
0 0.05569131299853325 2236.178466796875 453.3343505859375 2298.2119140625 513.0203247070312
0 0.05527680367231369 1052.955078125 1193.220947265625 1136.1173095703125 1265.1712646484375
0 0.05411941930651665 449.2651672363281 607.1868896484375 493.0489196777344 652.4608764648438
0 0.0535813570022583 1872.1375732421875 965.8387451171875 1927.60009765625 1030.07861328125
1 0.053211916238069534 1249.52685546875 984.6051635742188 1292.72119140625 1037.484130859375
0 0.052385780960321426 1189.376953125 720.885009765625 1228.669189453125 760.098388671875
0 0.05171159654855728 2106.605224609375 321.4364929199219 2147.953125 372.35040283203125
0 0.0516781248152256 1260.4388427734375 294.90069580078125 1321.7708740234375 357.2539367675781
1 0.05144056677818298 1247.75634765625 297.9556884765625 1302.8189697265625 363.72381591796875
0 0.050971757620573044 1200.1470947265625 1101.4132080078125 1266.4306640625 1167.942626953125
0 0.05089379847049713 1264.09912109375 989.7598876953125 1315.913818359375 1037.4237060546875
0 0.05041246861219406 1224.6983642578125 967.0707397460938 1291.873291015625 1037.8597412109375
0 0.05007339268922806 1875.82275390625 970.946533203125 1967.593505859375 1050.41259765625
