1 0.9950425624847412 1850.3092041015625 617.0995483398438 1957.7086181640625 796.9763793945312
1 0.9752256274223328 1747.0369873046875 1007.9713745117188 1919.1080322265625 1356.949951171875
1 0.9738343358039856 1519.495849609375 852.680419921875 1587.219482421875 949.1021728515625
1 0.8786119222640991 2348.3271484375 711.9562377929688 2422.61669921875 769.2093505859375
1 0.8606312274932861 1718.7904052734375 579.2389526367188 1798.5963134765625 638.0716552734375
1 0.8589609861373901 2029.9111328125 685.570068359375 2143.800537109375 742.7197265625
1 0.8478488326072693 1997.9805908203125 625.8253784179688 2107.068603515625 683.7867431640625
1 0.8435007929801941 1129.92529296875 525.4189453125 1212.0582275390625 578.1897583007812
1 0.8235428333282471 1505.73583984375 564.603271484375 1574.6207275390625 650.0579223632812
1 0.6881709098815918 1983.861328125 575.4605712890625 2043.1209716796875 627.8385620117188
1 0.5550764203071594 1681.0888671875 1343.0047607421875 1733.3978271484375 1384.8482666015625
0 0.552560567855835 2319.58544921875 368.70648193359375 2394.461669921875 407.50146484375
1 0.5090894103050232 1048.7352294921875 614.1681518554688 1113.09033203125 661.9386596679688
0 0.43667978048324585 1679.1734619140625 1343.4215087890625 1735.1016845703125 1387.2196044921875
0 0.3839309513568878 1296.2181396484375 641.5873413085938 1340.20068359375 674.644775390625
1 0.35476088523864746 2033.727783203125 525.7965698242188 2099.72314453125 567.0092163085938
1 0.31061041355133057 2183.710693359375 697.1095581054688 2235.561767578125 731.1265258789062
0 0.3002701997756958 910.7528076171875 220.21917724609375 967.4446411132812 265.47882080078125
1 0.2908351719379425 982.3096313476562 433.3927917480469 1150.1988525390625 512.4996948242188
1 0.27052775025367737 1876.564697265625 525.8272705078125 1929.7764892578125 562.2924194335938
1 0.26139792799949646 2469.959716796875 670.5250854492188 2514.738037109375 710.7945556640625
0 0.2563438415527344 971.2161254882812 200.55364990234375 1101.6033935546875 263.2286071777344
0 0.25382235646247864 2498.056640625 269.0397033691406 2544.971923828125 318.2145080566406
1 0.2378315031528473 2476.967041015625 594.3285522460938 2557.90478515625 711.794921875
0 0.23737944662570953 910.9201049804688 211.44203186035156 1005.6328735351562 261.5129699707031
1 0.23513156175613403 983.83203125 428.66864013671875 1222.370849609375 563.3275146484375
1 0.22964593768119812 1000.7708129882812 667.8197021484375 1057.78466796875 707.3312377929688
0 0.22274526953697205 2033.715087890625 526.2902221679688 2100.566162109375 567.8626098632812
1 0.22020579874515533 2071.055908203125 686.2442626953125 2137.63037109375 734.0362548828125
1 0.21997381746768951 2005.0399169921875 629.4882202148438 2140.7646484375 722.6516723632812
1 0.21665365993976593 1013.9043579101562 605.0155639648438 1108.765380859375 664.545166015625
0 0.2082548290491104 966.0152587890625 452.43670654296875 1025.6236572265625 495.6448059082031
1 0.20270608365535736 1932.4759521484375 752.3677978515625 1960.415283203125 781.6363525390625
1 0.19743458926677704 1752.36279296875 1348.036865234375 1782.345458984375 1375.447265625
0 0.17952439188957214 2296.0947265625 359.4935302734375 2399.85791015625 415.70526123046875
0 0.17948560416698456 993.0524291992188 431.20269775390625 1152.508544921875 507.7972717285156
1 0.1748994141817093 1018.0416870117188 522.4288330078125 1133.0693359375 597.3748168945312
0 0.17123787105083466 1697.6578369140625 901.2559814453125 1726.5411376953125 929.9930419921875
0 0.16785790026187897 1022.9795532226562 195.89952087402344 1143.77099609375 261.8056945800781
0 0.1673080325126648 1748.4276123046875 1282.2335205078125 1790.7459716796875 1356.047607421875
1 0.15522323548793793 1815.886474609375 546.490966796875 1850.6368408203125 574.3040161132812
1 0.15259167551994324 1957.2037353515625 628.0228271484375 1994.72998046875 667.4196166992188
0 0.15250609815120697 975.81298828125 427.2744140625 1227.912353515625 569.9639892578125
1 0.14703689515590668 1981.0650634765625 590.3012084960938 2035.87744140625 646.277587890625
1 0.14471952617168427 1753.756591796875 1357.1309814453125 1784.63623046875 1388.66943359375
1 0.14423973858356476 1880.5150146484375 512.3417358398438 1933.9893798828125 550.34375
1 0.14387573301792145 2103.63330078125 689.3167724609375 2145.988037109375 730.5401611328125
0 0.14335410296916962 962.2618408203125 207.28805541992188 1058.2984619140625 255.6942138671875
0 0.1419449746608734 1003.2882690429688 517.1110229492188 1125.7030029296875 599.8931274414062
1 0.13947293162345886 2500.927490234375 666.61279296875 2553.71337890625 716.456787109375
0 0.13150984048843384 1033.982177734375 204.61306762695312 1109.5992431640625 256.6380920410156
1 0.13013221323490143 1115.0911865234375 537.3947143554688 1175.1903076171875 585.4166259765625
1 0.12937571108341217 1751.6043701171875 1279.6434326171875 1795.096435546875 1342.3726806640625
1 0.12554004788398743 2002.293212890625 588.8330078125 2118.15771484375 677.7601318359375
1 0.12543269991874695 2081.31640625 702.1592407226562 2137.263427734375 751.6095581054688
1 0.12436702847480774 2030.412353515625 693.9279174804688 2083.15380859375 735.8721313476562
1 0.12274070084095001 1751.5648193359375 1336.1741943359375 1782.4505615234375 1366.0989990234375
1 0.11781265586614609 1017.715087890625 490.8465576171875 1188.70703125 594.8865966796875
1 0.1160268560051918 1089.8138427734375 522.7088623046875 1183.6259765625 581.9981079101562
1 0.11569245159626007 1943.8455810546875 744.5758666992188 1966.9071044921875 771.8787841796875
0 0.11426260322332382 2031.8673095703125 686.2877197265625 2144.6630859375 736.5931396484375
0 0.11409945040941238 1816.0059814453125 544.1904907226562 1851.33154296875 572.5357055664062
1 0.11171197891235352 1975.879150390625 605.7880249023438 2011.6251220703125 650.7252197265625
0 0.11170623451471329 2065.875732421875 438.67803955078125 2128.160400390625 486.2071838378906
0 0.11094888299703598 2183.710693359375 697.1095581054688 2235.561767578125 731.1265258789062
1 0.1108604371547699 2456.707275390625 662.5125732421875 2495.744384765625 703.2951049804688
1 0.10915601998567581 1760.9813232421875 598.04541015625 1806.0042724609375 644.0966796875
0 0.10882912576198578 1061.325439453125 192.90335083007812 1195.8687744140625 249.49215698242188
1 0.10793238878250122 1960.5008544921875 616.9668579101562 1990.195068359375 654.8267211914062
1 0.10729165375232697 1943.9637451171875 757.3991088867188 1969.37548828125 785.1566772460938
1 0.10701396316289902 1297.0224609375 641.9964599609375 1338.4417724609375 671.8675537109375
1 0.10499628633260727 1749.7088623046875 606.1043701171875 1796.8798828125 649.6868896484375
1 0.10451298207044601 1982.764404296875 616.8653564453125 2025.7801513671875 664.9154052734375
0 0.10416514426469803 1893.671875 1253.15576171875 1917.5955810546875 1285.2398681640625
1 0.10347824543714523 1003.7208251953125 618.9290161132812 1069.1754150390625 664.4066162109375
0 0.10344826430082321 2054.784423828125 694.572265625 2134.826171875 751.560791015625
0 0.10276859998703003 2028.7467041015625 691.1243286132812 2091.893798828125 728.2852172851562
1 0.10265623778104782 2116.46923828125 485.8556213378906 2183.6279296875 523.6976928710938
1 0.10063564032316208 2193.797607421875 688.4549560546875 2273.263671875 726.6184692382812
1 0.1003149226307869 1735.5262451171875 1348.85546875 1775.670654296875 1379.6102294921875
1 0.09985250234603882 2357.814208984375 594.9344482421875 2536.302001953125 708.0217895507812
0 0.09962785243988037 1049.820068359375 615.3872680664062 1114.183837890625 662.1784057617188
1 0.09959147870540619 2065.409423828125 428.0045166015625 2217.0751953125 506.8097229003906
1 0.0995260551571846 2064.336181640625 437.69384765625 2136.23974609375 485.21331787109375
1 0.09889312088489532 2444.12548828125 666.2407836914062 2480.32958984375 700.2702026367188
0 0.0988822653889656 1111.9461669921875 196.32643127441406 1190.456298828125 240.97911071777344
0 0.09862329810857773 1891.97998046875 1237.7059326171875 1917.46044921875 1278.1483154296875
0 0.09784968942403793 1053.675048828125 198.5569305419922 1130.0706787109375 246.00331115722656
0 0.09768042713403702 1755.753173828125 1276.90771484375 1798.7572021484375 1329.76416015625
0 0.09744381159543991 877.3261108398438 1126.02001953125 934.4967651367188 1180.9384765625
0 0.09739792346954346 1932.692626953125 757.1852416992188 1960.9134521484375 783.5328369140625
0 0.09640562534332275 1287.814208984375 656.296142578125 1320.791748046875 686.2562255859375
0 0.09583459794521332 1752.36279296875 1348.036865234375 1782.345458984375 1375.447265625
0 0.08673155307769775 1849.862060546875 612.7813110351562 1959.2388916015625 802.5289916992188
1 0.08574878424406052 1745.620361328125 1263.58740234375 1889.3502197265625 1362.3629150390625
1 0.08437815308570862 1587.345458984375 578.4212646484375 1719.305419921875 645.3326416015625
1 0.08221007883548737 1956.6883544921875 461.4693603515625 2127.024658203125 540.7276000976562
1 0.08188322931528091 2354.145751953125 703.3115844726562 2473.376220703125 783.1906127929688
0 0.08038248866796494 984.6860961914062 602.0147705078125 1114.7423095703125 676.1397705078125
0 0.07866862416267395 2259.616943359375 332.0797119140625 2393.90234375 409.0918273925781
