1 0.9981312155723572 2494.2548828125 1131.2904052734375 2630.384033203125 1346.0506591796875
0 0.9978458881378174 1712.3917236328125 3.227316379547119 1808.3441162109375 83.9276123046875
1 0.9973704814910889 2803.5341796875 1111.5474853515625 2993.73779296875 1366.6151123046875
1 0.9968584775924683 918.7373046875 202.923095703125 1150.72265625 342.8828430175781
0 0.995754599571228 1903.5689697265625 662.0095825195312 1980.5634765625 739.53515625
1 0.9954866766929626 1883.599609375 547.9835815429688 2003.19482421875 805.5155029296875
0 0.9952583909034729 2037.8013916015625 314.3447570800781 2106.690185546875 381.9760437011719
0 0.9909183979034424 1674.2532958984375 430.2518310546875 1746.1444091796875 506.89447021484375
0 0.9909154772758484 1933.0623779296875 109.78194427490234 2016.971435546875 180.6470947265625
0 0.9888267517089844 2873.3818359375 200.16510009765625 2969.043212890625 280.810791015625
0 0.9887555241584778 2650.15771484375 1034.04736328125 2763.399658203125 1144.175537109375
0 0.988516092300415 2439.4775390625 234.6838836669922 2506.88720703125 306.2049255371094
0 0.9863697290420532 1968.921630859375 16.89906883239746 2046.0677490234375 100.32201385498047
0 0.9782518148422241 2750.274658203125 95.02366638183594 2833.080078125 161.22377014160156
0 0.9705817699432373 2702.950927734375 606.141845703125 2788.636962890625 693.2568359375
0 0.9690231680870056 2313.619873046875 12.6216459274292 2393.399169921875 82.39083099365234
0 0.9660029411315918 1898.0223388671875 584.4947509765625 1962.859619140625 658.7259521484375
0 0.9640477895736694 2367.485595703125 290.1687316894531 2428.4775390625 349.9435119628906
0 0.9630193114280701 1846.780029296875 318.3121337890625 1908.912109375 393.03326416015625
1 0.9583401083946228 11.213955879211426 1673.26953125 204.4706268310547 1820.6005859375
0 0.9562116861343384 1737.440673828125 285.62286376953125 1811.5819091796875 370.515380859375
0 0.9518542885780334 2323.172119140625 84.69578552246094 2404.22705078125 148.4581756591797
0 0.950712263584137 1779.221435546875 525.8207397460938 1851.3681640625 602.416015625
0 0.9486181139945984 2869.76416015625 1222.01025390625 2947.2626953125 1296.570068359375
0 0.9314888119697571 1058.830322265625 267.1482238769531 1141.1417236328125 332.2334289550781
0 0.9308812022209167 2677.85205078125 221.8692169189453 2772.74169921875 314.2381896972656
0 0.9162178039550781 1024.3619384765625 175.83677673339844 1095.33642578125 246.26092529296875
0 0.9151039719581604 2572.759521484375 517.3693237304688 2670.77001953125 618.2593994140625
0 0.8903785347938538 2392.338623046875 116.3405532836914 2461.467529296875 190.5522003173828
0 0.8796663284301758 2664.248779296875 705.3528442382812 2757.49072265625 782.30615234375
0 0.8730646967887878 2526.112548828125 1206.1513671875 2606.03955078125 1277.346435546875
0 0.8716850876808167 2799.8603515625 157.04649353027344 2896.08837890625 226.81907653808594
0 0.8419641256332397 2102.866455078125 283.63427734375 2173.643798828125 356.5500793457031
0 0.7776599526405334 91.39265441894531 1782.8514404296875 155.80374145507812 1855.738037109375
0 0.7604362368583679 2578.49658203125 461.9045104980469 2644.354248046875 528.5042114257812
0 0.742489755153656 11.997729301452637 1663.08154296875 208.90359497070312 1837.3828125
0 0.7056158185005188 2402.773681640625 106.86335754394531 2460.835693359375 165.0474395751953
0 0.6861237287521362 2093.12109375 278.95196533203125 2154.9228515625 334.6278991699219
0 0.5789841413497925 916.4786987304688 210.15830993652344 988.9503173828125 286.3865051269531
0 0.5048913359642029 2945.68310546875 1003.5440063476562 3033.095458984375 1093.13916015625
0 0.4884496033191681 971.835205078125 221.75477600097656 1038.8609619140625 311.6875
0 0.4868784546852112 50.04619216918945 1687.8189697265625 164.5460662841797 1794.025634765625
0 0.30269497632980347 2819.376708984375 168.54568481445312 2934.509033203125 252.8214569091797
0 0.2907695472240448 932.5789184570312 219.38430786132812 1007.5474243164062 300.0870666503906
0 0.24335527420043945 2548.9521484375 1212.1243896484375 2634.96240234375 1277.053955078125
0 0.2109420746564865 49.16401672363281 1727.7314453125 169.0148162841797 1843.9755859375
0 0.16186116635799408 2566.4169921875 481.1380310058594 2669.036376953125 584.6290893554688
0 0.1017104908823967 2839.19482421875 1177.77490234375 2969.075439453125 1327.8297119140625
1 0.09835360944271088 957.0938720703125 213.50013732910156 1084.354736328125 324.0899353027344
0 0.07298926264047623 2758.27880859375 119.44014739990234 2880.00439453125 204.9852752685547
0 0.0592321939766407 1026.0655517578125 253.21275329589844 1150.34619140625 340.6039733886719
0 0.05508720874786377 28.585195541381836 1710.226806640625 134.61888122558594 1802.8238525390625
