0 0.9987877011299133 491.75531005859375 1398.519287109375 585.2767333984375 1480.080078125
0 0.9980478286743164 609.3163452148438 1310.7132568359375 698.980712890625 1420.387939453125
0 0.9971107244491577 3461.189453125 515.4397583007812 3553.383056640625 597.5736083984375
0 0.9969972372055054 3428.94384765625 1528.0845947265625 3478.95263671875 1584.4967041015625
0 0.9969646334648132 458.7772216796875 1297.4825439453125 559.30078125 1397.3382568359375
0 0.9966297745704651 183.31678771972656 680.9067993164062 269.8899841308594 768.7049560546875
0 0.9943733215332031 1901.4068603515625 1591.2783203125 1951.384033203125 1650.4171142578125
0 0.994296133518219 715.5353393554688 2016.607177734375 767.1722412109375 2068.667236328125
0 0.9760271906852722 835.7343139648438 121.32275390625 912.0392456054688 199.74282836914062
0 0.8828901052474976 215.67620849609375 214.0146942138672 275.7126159667969 271.2596130371094
0 0.7795858383178711 394.87640380859375 76.87222290039062 455.67431640625 120.3499984741211
0 0.7247379422187805 468.3508605957031 73.639892578125 533.6345825195312 121.25077056884766
0 0.5930613875389099 352.4154968261719 70.76719665527344 411.783935546875 109.77286529541016
0 0.4439532458782196 900.6549072265625 25.82571029663086 973.6297607421875 82.03687286376953
0 0.42217138409614563 855.791015625 139.229736328125 920.84619140625 212.6052703857422
0 0.38278070092201233 85.0588607788086 66.1033706665039 132.53614807128906 104.88751220703125
0 0.266172856092453 304.7912292480469 87.10371398925781 355.89178466796875 125.26375579833984
0 0.2239508330821991 374.5082092285156 72.89298248291016 437.974609375 116.79496765136719
0 0.22187815606594086 1375.027587890625 275.549072265625 1428.0760498046875 321.13543701171875
0 0.16387297213077545 473.2030334472656 1361.8409423828125 585.9439697265625 1461.92626953125
0 0.15172864496707916 474.2126770019531 1300.97900390625 610.6204223632812 1413.3404541015625
0 0.1250217705965042 766.5678100585938 82.26224517822266 810.9334716796875 121.53922271728516
0 0.1098661944270134 892.1473999023438 47.669734954833984 974.936767578125 99.75990295410156
0 0.10709745436906815 878.7857055664062 12.357290267944336 987.9228515625 107.67160034179688
0 0.08239588141441345 190.0583038330078 196.9674530029297 295.5670166015625 281.0104064941406
0 0.06234632804989815 325.9291687011719 66.21094512939453 471.77081298828125 127.3145751953125
0 0.05971698835492134 901.7481079101562 68.04499816894531 971.845947265625 104.701171875
