0 0.9993603825569153 2251.746337890625 454.5550537109375 2293.9560546875 500.2576599121094
0 0.9991123080253601 1887.0069580078125 963.7962646484375 1952.4248046875 1030.6055908203125
0 0.9989151954650879 1078.3189697265625 1199.0577392578125 1126.2608642578125 1262.4306640625
0 0.9987286925315857 1213.6700439453125 1115.743896484375 1259.45751953125 1173.359375
0 0.9984102249145508 1893.633056640625 522.128173828125 1941.30908203125 582.5172729492188
0 0.996105968952179 1206.406005859375 722.6824951171875 1278.1724853515625 777.006103515625
0 0.9954674243927002 1249.8914794921875 977.5200805664062 1292.369873046875 1039.6912841796875
0 0.9816542863845825 1248.8134765625 311.47503662109375 1302.0277099609375 364.7461853027344
0 0.07954687625169754 1232.379638671875 963.0208740234375 1298.7470703125 1033.00830078125
0 0.06976234912872314 1888.3642578125 520.6599731445312 1981.26904296875 591.9711303710938
