0 0.9992974996566772 1678.035888671875 1336.00927734375 1735.5264892578125 1383.593994140625
1 0.9970564842224121 1746.03759765625 1029.1258544921875 1921.7850341796875 1366.6827392578125
1 0.993908166885376 1852.0804443359375 620.1492919921875 1954.3170166015625 785.894287109375
1 0.9695634841918945 2005.9000244140625 628.57568359375 2102.13818359375 682.0056762695312
1 0.9673007130622864 2031.1126708984375 683.4970703125 2146.728271484375 735.531982421875
0 0.9498181939125061 1510.09814453125 851.058349609375 1588.9222412109375 945.4202270507812
1 0.9490352272987366 1982.375732421875 576.4158935546875 2040.4046630859375 632.1129760742188
1 0.8765838742256165 1515.2928466796875 845.70361328125 1587.28173828125 955.9471435546875
1 0.7829847931861877 1720.187744140625 580.6419677734375 1799.6591796875 636.734130859375
1 0.6370792984962463 2029.763671875 526.0116577148438 2097.43115234375 568.8588256835938
0 0.6266990303993225 1293.8270263671875 641.1665649414062 1337.8154296875 672.1264038085938
0 0.6245352625846863 2177.4638671875 696.45361328125 2234.593994140625 731.8240966796875
0 0.5100866556167603 2500.135986328125 273.51507568359375 2544.826904296875 319.3647155761719
0 0.44416797161102295 2036.1829833984375 682.131103515625 2144.497314453125 738.6166381835938
1 0.3385193645954132 2179.76708984375 697.9933471679688 2234.755615234375 728.3424682617188
0 0.3358018696308136 2475.1953125 261.904541015625 2552.81005859375 322.09442138671875
0 0.3149671256542206 2018.5123291015625 625.9701538085938 2096.69970703125 679.2852783203125
1 0.22686266899108887 1503.662353515625 574.779296875 1578.908203125 652.4962768554688
0 0.1663879007101059 2030.8486328125 524.5808715820312 2097.397216796875 566.445068359375
0 0.1612223982810974 2488.104736328125 427.9425964355469 2558.5517578125 507.2204895019531
0 0.15158207714557648 474.0093688964844 1153.1070556640625 547.8914794921875 1251.6331787109375
0 0.14859218895435333 2410.332275390625 321.2281494140625 2471.766357421875 363.7929992675781
1 0.1401444971561432 1984.494140625 590.4680786132812 2058.98388671875 656.7181396484375
0 0.1243080198764801 2452.800537109375 264.86895751953125 2523.18603515625 322.7475280761719
1 0.11946617811918259 1886.56298828125 623.9659423828125 2113.93359375 775.1973266601562
0 0.11946600675582886 1502.3343505859375 557.183349609375 1584.854736328125 651.0317993164062
0 0.09806771576404572 2228.154052734375 658.5501708984375 2293.216064453125 700.2545776367188
0 0.08735047280788422 2323.669189453125 361.4123840332031 2400.4892578125 406.908447265625
0 0.07497882097959518 1524.453369140625 890.6534423828125 1589.9725341796875 947.3799438476562
0 0.05313496291637421 2432.04052734375 241.47239685058594 2554.1181640625 327.0945129394531
0 0.05209273472428322 2199.781982421875 653.2708740234375 2314.4365234375 711.1356201171875
1 0.051121409982442856 1995.895751953125 543.9063720703125 2093.656005859375 667.135009765625
